218
209
207
206
208
213
211
210
212
217
215
214
216
220
219
293
292
334
333
299
301
300
332
302
304
303
331
305
307
306
330
308
310
309
329
311
312
328
313
315
314
327
316
319
318
317
320
323
322
321
325
324
326
291
298
297
296
294
290
256
258
257
289
259
261
260
288
262
264
263
287
265
267
266
286
268
269
285
270
272
271
284
273
276
275
274
119
115
116
117
118
277
280
279
278
282
283
255
221
223
222
254
224
226
225
253
227
229
228
252
230
232
231
251
233
234
250
235
237
236
249
238
241
240
239
242
245
244
243
247
248
